EPSG:4326
frame_0.png -76.41870880126953 38.387298583984375 50.0
frame_1.png -76.41870880126953 38.387298583984375 50.0
frame_2.png -76.41870880126953 38.387298583984375 50.0
frame_3.png -76.41870880126953 38.387298583984375 50.0
frame_4.png -76.41870880126953 38.387298583984375 50.0
frame_5.png -76.41870880126953 38.387298583984375 50.0
frame_6.png -76.41870880126953 38.387298583984375 50.0
frame_7.png -76.41870880126953 38.387298583984375 50.0
frame_8.png -76.41870880126953 38.387298583984375 50.0
frame_9.png -76.41870880126953 38.387298583984375 50.0
frame_10.png -76.41870880126953 38.387298583984375 50.0
frame_11.png -76.41869354248047 38.3871955871582 50.0
frame_12.png -76.41869354248047 38.3871955871582 50.0
frame_13.png -76.41869354248047 38.3871955871582 50.0
frame_14.png -76.41869354248047 38.3871955871582 50.0
frame_15.png -76.41869354248047 38.3871955871582 50.0
frame_16.png -76.41869354248047 38.3871955871582 50.0
frame_17.png -76.41869354248047 38.3871955871582 50.0
frame_18.png -76.41869354248047 38.3871955871582 50.0
frame_19.png -76.41869354248047 38.3871955871582 50.0
frame_20.png -76.41869354248047 38.3871955871582 50.0
frame_21.png -76.41869354248047 38.3871955871582 50.0
frame_22.png -76.41869354248047 38.3871955871582 50.0
frame_23.png -76.41893005371094 38.38729476928711 50.0
frame_24.png -76.41893005371094 38.38729476928711 50.0
frame_25.png -76.41893005371094 38.38729476928711 50.0
frame_26.png -76.41893005371094 38.38729476928711 50.0
frame_27.png -76.41893005371094 38.38729476928711 50.0
frame_28.png -76.41893005371094 38.38729476928711 50.0
frame_29.png -76.41893005371094 38.38729476928711 50.0
frame_30.png -76.41893005371094 38.38729476928711 50.0
frame_31.png -76.41893005371094 38.38729476928711 50.0
frame_32.png -76.41893005371094 38.38729476928711 50.0
frame_33.png -76.41893005371094 38.38729476928711 50.0
frame_34.png -76.41893005371094 38.38729476928711 50.0
frame_35.png -76.41893005371094 38.38729476928711 50.0
frame_36.png -76.41893005371094 38.38729476928711 50.0
frame_37.png -76.41893005371094 38.38729476928711 50.0
frame_38.png -76.41893005371094 38.38729476928711 50.0
frame_39.png -76.41893005371094 38.38729476928711 50.0
frame_40.png -76.41893005371094 38.38729476928711 50.0
frame_41.png -76.4188003540039 38.387351989746094 50.0
frame_42.png -76.4188003540039 38.387351989746094 50.0
frame_43.png -76.4188003540039 38.387351989746094 50.0
frame_44.png -76.4188003540039 38.387351989746094 50.0
frame_45.png -76.4188003540039 38.387351989746094 50.0
frame_46.png -76.4188003540039 38.387351989746094 50.0
frame_47.png -76.4188003540039 38.387351989746094 50.0
frame_48.png -76.4188003540039 38.387351989746094 50.0
frame_49.png -76.4188003540039 38.387351989746094 50.0
frame_50.png -76.4188003540039 38.387351989746094 50.0
frame_51.png -76.4188003540039 38.387351989746094 50.0
frame_52.png -76.4188003540039 38.387351989746094 50.0
frame_53.png -76.41876220703125 38.387237548828125 50.0
frame_54.png -76.41876220703125 38.387237548828125 50.0
frame_55.png -76.41876220703125 38.387237548828125 50.0
frame_56.png -76.41876220703125 38.387237548828125 50.0
frame_57.png -76.41876220703125 38.387237548828125 50.0
frame_58.png -76.41876220703125 38.387237548828125 50.0
frame_59.png -76.41876220703125 38.387237548828125 50.0
frame_60.png -76.41876220703125 38.387237548828125 50.0
frame_61.png -76.41876220703125 38.387237548828125 50.0
frame_62.png -76.41876220703125 38.387237548828125 50.0
frame_63.png -76.41876220703125 38.387237548828125 50.0
frame_64.png -76.41876220703125 38.387237548828125 50.0
frame_65.png -76.41876220703125 38.387237548828125 50.0
frame_66.png -76.41891479492188 38.38733673095703 50.0
frame_67.png -76.41891479492188 38.38733673095703 50.0
frame_68.png -76.41891479492188 38.38733673095703 50.0
frame_69.png -76.41891479492188 38.38733673095703 50.0
frame_70.png -76.41891479492188 38.38733673095703 50.0
frame_71.png -76.41891479492188 38.38733673095703 50.0
frame_72.png -76.41891479492188 38.38733673095703 50.0
frame_73.png -76.41891479492188 38.38733673095703 50.0
frame_74.png -76.41891479492188 38.38733673095703 50.0
frame_75.png -76.41891479492188 38.38733673095703 50.0
frame_76.png -76.41891479492188 38.38733673095703 50.0
frame_77.png -76.41891479492188 38.38733673095703 50.0
frame_78.png -76.41891479492188 38.38733673095703 50.0
frame_79.png -76.41891479492188 38.38733673095703 50.0
frame_80.png -76.41891479492188 38.38733673095703 50.0
frame_81.png -76.41891479492188 38.38733673095703 50.0
frame_82.png -76.41891479492188 38.38733673095703 50.0
frame_83.png -76.41891479492188 38.38733673095703 50.0
frame_84.png -76.41891479492188 38.38733673095703 50.0
frame_85.png -76.41891479492188 38.38733673095703 50.0
frame_86.png 0.0 0.0 0.0
frame_87.png 0.0 0.0 0.0
frame_88.png 0.0 0.0 0.0
frame_89.png 0.0 0.0 0.0
frame_90.png 0.0 0.0 0.0
frame_91.png 0.0 0.0 0.0
frame_92.png 0.0 0.0 0.0
frame_93.png 0.0 0.0 0.0
frame_94.png 0.0 0.0 0.0
frame_95.png 0.0 0.0 0.0
frame_96.png 0.0 0.0 0.0
frame_97.png 0.0 0.0 0.0
frame_98.png 0.0 0.0 0.0
frame_99.png 0.0 0.0 0.0
frame_100.png 0.0 0.0 0.0
frame_101.png 0.0 0.0 0.0
frame_102.png 0.0 0.0 0.0
frame_103.png 0.0 0.0 0.0
frame_104.png 0.0 0.0 0.0
frame_105.png 0.0 0.0 0.0
frame_106.png 0.0 0.0 0.0
frame_107.png 0.0 0.0 0.0
frame_108.png 0.0 0.0 0.0
frame_109.png 0.0 0.0 0.0
frame_110.png 0.0 0.0 0.0
frame_111.png 0.0 0.0 0.0
frame_112.png 0.0 0.0 0.0
frame_113.png 0.0 0.0 0.0
frame_114.png 0.0 0.0 0.0
frame_115.png 0.0 0.0 0.0
frame_116.png 0.0 0.0 0.0
frame_117.png 0.0 0.0 0.0
frame_118.png 0.0 0.0 0.0
frame_119.png 0.0 0.0 0.0
frame_120.png 0.0 0.0 0.0
frame_121.png 0.0 0.0 0.0
frame_122.png 0.0 0.0 0.0
frame_123.png 0.0 0.0 0.0
frame_124.png 0.0 0.0 0.0
frame_125.png 0.0 0.0 0.0
frame_126.png 0.0 0.0 0.0
frame_127.png 0.0 0.0 0.0
frame_128.png 0.0 0.0 0.0
frame_129.png 0.0 0.0 0.0
frame_130.png 0.0 0.0 0.0
frame_131.png 0.0 0.0 0.0
frame_132.png 0.0 0.0 0.0
frame_133.png 0.0 0.0 0.0
frame_134.png 0.0 0.0 0.0
frame_135.png 0.0 0.0 0.0
frame_136.png 0.0 0.0 0.0
frame_137.png 0.0 0.0 0.0
frame_138.png 0.0 0.0 0.0
frame_139.png 0.0 0.0 0.0
frame_140.png 0.0 0.0 0.0
frame_141.png 0.0 0.0 0.0
frame_142.png 0.0 0.0 0.0
frame_143.png 0.0 0.0 0.0
frame_144.png 0.0 0.0 0.0
frame_145.png 0.0 0.0 0.0
frame_146.png 0.0 0.0 0.0
frame_147.png 0.0 0.0 0.0
frame_148.png 0.0 0.0 0.0
frame_149.png 0.0 0.0 0.0
frame_150.png 0.0 0.0 0.0
frame_151.png 0.0 0.0 0.0
frame_152.png 0.0 0.0 0.0
frame_153.png 0.0 0.0 0.0
frame_154.png 0.0 0.0 0.0
frame_155.png 0.0 0.0 0.0
frame_156.png 0.0 0.0 0.0
frame_157.png 0.0 0.0 0.0
frame_158.png 0.0 0.0 0.0
frame_159.png 0.0 0.0 0.0
frame_160.png 0.0 0.0 0.0
frame_161.png 0.0 0.0 0.0
frame_162.png 0.0 0.0 0.0
frame_163.png 0.0 0.0 0.0
frame_164.png 0.0 0.0 0.0
frame_165.png 0.0 0.0 0.0
frame_166.png 0.0 0.0 0.0
frame_167.png 0.0 0.0 0.0
frame_168.png 0.0 0.0 0.0
frame_169.png 0.0 0.0 0.0
frame_170.png 0.0 0.0 0.0
frame_171.png 0.0 0.0 0.0
frame_172.png 0.0 0.0 0.0
frame_173.png 0.0 0.0 0.0
frame_174.png 0.0 0.0 0.0
frame_175.png 0.0 0.0 0.0
frame_176.png 0.0 0.0 0.0
frame_177.png 0.0 0.0 0.0
frame_178.png 0.0 0.0 0.0
frame_179.png 0.0 0.0 0.0
frame_180.png 0.0 0.0 0.0
frame_181.png 0.0 0.0 0.0
frame_182.png 0.0 0.0 0.0
frame_183.png 0.0 0.0 0.0
frame_184.png 0.0 0.0 0.0
frame_185.png 0.0 0.0 0.0
frame_186.png 0.0 0.0 0.0
frame_187.png 0.0 0.0 0.0
frame_188.png 0.0 0.0 0.0
frame_189.png 0.0 0.0 0.0
frame_190.png 0.0 0.0 0.0
frame_191.png 0.0 0.0 0.0
frame_192.png 0.0 0.0 0.0
frame_193.png 0.0 0.0 0.0
frame_194.png 0.0 0.0 0.0
frame_195.png 0.0 0.0 0.0
frame_196.png 0.0 0.0 0.0
frame_197.png 0.0 0.0 0.0
frame_198.png 0.0 0.0 0.0
frame_199.png 0.0 0.0 0.0
frame_200.png 0.0 0.0 0.0
frame_201.png 0.0 0.0 0.0
frame_202.png 0.0 0.0 0.0
frame_203.png 0.0 0.0 0.0
frame_204.png 0.0 0.0 0.0
frame_205.png 0.0 0.0 0.0
frame_206.png 0.0 0.0 0.0
frame_207.png 0.0 0.0 0.0
frame_208.png 0.0 0.0 0.0
frame_209.png 0.0 0.0 0.0
frame_210.png 0.0 0.0 0.0
frame_211.png 0.0 0.0 0.0
frame_212.png 0.0 0.0 0.0
frame_213.png 0.0 0.0 0.0
frame_214.png 0.0 0.0 0.0
frame_215.png 0.0 0.0 0.0
frame_216.png 0.0 0.0 0.0
frame_217.png 0.0 0.0 0.0
frame_218.png 0.0 0.0 0.0
frame_219.png 0.0 0.0 0.0
frame_220.png 0.0 0.0 0.0
frame_221.png 0.0 0.0 0.0
frame_222.png 0.0 0.0 0.0
frame_223.png 0.0 0.0 0.0
frame_224.png 0.0 0.0 0.0
frame_225.png 0.0 0.0 0.0
frame_226.png 0.0 0.0 0.0
frame_227.png 0.0 0.0 0.0
frame_228.png 0.0 0.0 0.0
frame_229.png 0.0 0.0 0.0
frame_230.png 0.0 0.0 0.0
frame_231.png 0.0 0.0 0.0
frame_232.png 0.0 0.0 0.0
frame_233.png 0.0 0.0 0.0
frame_234.png 0.0 0.0 0.0
frame_235.png 0.0 0.0 0.0
frame_236.png 0.0 0.0 0.0
frame_237.png 0.0 0.0 0.0
frame_238.png 0.0 0.0 0.0
frame_239.png 0.0 0.0 0.0
frame_240.png 0.0 0.0 0.0
frame_241.png 0.0 0.0 0.0
frame_242.png 0.0 0.0 0.0
frame_243.png 0.0 0.0 0.0
frame_244.png 0.0 0.0 0.0
frame_245.png 0.0 0.0 0.0
frame_246.png 0.0 0.0 0.0
frame_247.png 0.0 0.0 0.0
frame_248.png 0.0 0.0 0.0
frame_249.png 0.0 0.0 0.0
frame_250.png 0.0 0.0 0.0
frame_251.png 0.0 0.0 0.0
frame_252.png 0.0 0.0 0.0
frame_253.png 0.0 0.0 0.0
frame_254.png 0.0 0.0 0.0
frame_255.png 0.0 0.0 0.0
frame_256.png 0.0 0.0 0.0
frame_257.png 0.0 0.0 0.0
frame_258.png 0.0 0.0 0.0
frame_259.png 0.0 0.0 0.0
frame_260.png 0.0 0.0 0.0
frame_261.png 0.0 0.0 0.0
frame_262.png 0.0 0.0 0.0
